{
 "cells": [
  {
   "cell_type": "code",
   "execution_count": 14,
   "metadata": {},
   "outputs": [],
   "source": [
    "# import relevant packages\n",
    "import numpy as np\n",
    "import pandas as pd\n",
    "import torch\n",
    "from MatrixVectorizer import MatrixVectorizer\n",
    "# import data from .csv file\n",
    "hr_train_raw = pd.read_csv('dgl-icl/hr_train.csv')\n",
    "lr_train_raw = pd.read_csv('dgl-icl/lr_train.csv')\n",
    "lr_test_raw = pd.read_csv('dgl-icl/lr_test.csv')\n",
    "def multi_anti_vectorize(arr, vectorizer, matrix_size): \n",
    "    return np.array([vectorizer.anti_vectorize(v, matrix_size) for v in arr])\n",
    "# anti-vectorize \n",
    "LR_N = 160\n",
    "HR_N = 268\n",
    "vectorizer = MatrixVectorizer()\n",
    "hr_train = multi_anti_vectorize(hr_train_raw.values, vectorizer, HR_N)\n",
    "lr_train = multi_anti_vectorize(lr_train_raw.values, vectorizer, LR_N)\n",
    "lr_test = multi_anti_vectorize(lr_test_raw.values, vectorizer, LR_N)"
   ]
  },
  {
   "cell_type": "code",
   "execution_count": 16,
   "metadata": {},
   "outputs": [
    {
     "data": {
      "text/plain": [
       "torch.Size([167, 268, 268])"
      ]
     },
     "execution_count": 16,
     "metadata": {},
     "output_type": "execute_result"
    }
   ],
   "source": [
    "torch.Tensor(hr_train).shape"
   ]
  },
  {
   "cell_type": "code",
   "execution_count": 13,
   "metadata": {},
   "outputs": [
    {
     "data": {
      "text/plain": [
       "array([[[0.00000000e+00, 8.82788318e-01, 8.03089297e-01, ...,\n",
       "         1.86342616e-01, 1.55735939e-01, 1.13472851e-01],\n",
       "        [8.82788318e-01, 0.00000000e+00, 8.79456863e-01, ...,\n",
       "         1.03319787e-01, 8.34255509e-02, 4.86204424e-02],\n",
       "        [8.03089297e-01, 8.79456863e-01, 0.00000000e+00, ...,\n",
       "         7.63102278e-02, 7.54127279e-02, 5.01033035e-02],\n",
       "        ...,\n",
       "        [1.86342616e-01, 1.03319787e-01, 7.63102278e-02, ...,\n",
       "         0.00000000e+00, 7.37712654e-01, 5.47726621e-01],\n",
       "        [1.55735939e-01, 8.34255509e-02, 7.54127279e-02, ...,\n",
       "         7.37712654e-01, 0.00000000e+00, 8.20705783e-01],\n",
       "        [1.13472851e-01, 4.86204424e-02, 5.01033035e-02, ...,\n",
       "         5.47726621e-01, 8.20705783e-01, 0.00000000e+00]],\n",
       "\n",
       "       [[0.00000000e+00, 8.63050580e-01, 9.64465552e-01, ...,\n",
       "         3.51052993e-02, 1.60996185e-01, 0.00000000e+00],\n",
       "        [8.63050580e-01, 0.00000000e+00, 8.11677569e-01, ...,\n",
       "         3.18410894e-02, 1.09068422e-01, 0.00000000e+00],\n",
       "        [9.64465552e-01, 8.11677569e-01, 0.00000000e+00, ...,\n",
       "         4.49744774e-02, 2.35416524e-01, 0.00000000e+00],\n",
       "        ...,\n",
       "        [3.51052993e-02, 3.18410894e-02, 4.49744774e-02, ...,\n",
       "         0.00000000e+00, 7.02404647e-02, 2.53380665e-01],\n",
       "        [1.60996185e-01, 1.09068422e-01, 2.35416524e-01, ...,\n",
       "         7.02404647e-02, 0.00000000e+00, 5.67519885e-02],\n",
       "        [0.00000000e+00, 0.00000000e+00, 0.00000000e+00, ...,\n",
       "         2.53380665e-01, 5.67519885e-02, 0.00000000e+00]],\n",
       "\n",
       "       [[0.00000000e+00, 6.91682473e-01, 5.75714379e-01, ...,\n",
       "         1.24665976e-01, 0.00000000e+00, 1.60630771e-04],\n",
       "        [6.91682473e-01, 0.00000000e+00, 4.35019803e-01, ...,\n",
       "         4.97287751e-01, 0.00000000e+00, 0.00000000e+00],\n",
       "        [5.75714379e-01, 4.35019803e-01, 0.00000000e+00, ...,\n",
       "         6.79862711e-02, 2.48508808e-02, 8.77862691e-02],\n",
       "        ...,\n",
       "        [1.24665976e-01, 4.97287751e-01, 6.79862711e-02, ...,\n",
       "         0.00000000e+00, 7.59132547e-02, 0.00000000e+00],\n",
       "        [0.00000000e+00, 0.00000000e+00, 2.48508808e-02, ...,\n",
       "         7.59132547e-02, 0.00000000e+00, 6.63670202e-01],\n",
       "        [1.60630771e-04, 0.00000000e+00, 8.77862691e-02, ...,\n",
       "         0.00000000e+00, 6.63670202e-01, 0.00000000e+00]],\n",
       "\n",
       "       ...,\n",
       "\n",
       "       [[0.00000000e+00, 5.83283733e-01, 8.31163688e-01, ...,\n",
       "         0.00000000e+00, 0.00000000e+00, 0.00000000e+00],\n",
       "        [5.83283733e-01, 0.00000000e+00, 7.04498889e-01, ...,\n",
       "         6.35238555e-02, 0.00000000e+00, 1.82527744e-01],\n",
       "        [8.31163688e-01, 7.04498889e-01, 0.00000000e+00, ...,\n",
       "         0.00000000e+00, 0.00000000e+00, 0.00000000e+00],\n",
       "        ...,\n",
       "        [0.00000000e+00, 6.35238555e-02, 0.00000000e+00, ...,\n",
       "         0.00000000e+00, 5.95552442e-01, 2.36676958e-01],\n",
       "        [0.00000000e+00, 0.00000000e+00, 0.00000000e+00, ...,\n",
       "         5.95552442e-01, 0.00000000e+00, 6.02887083e-01],\n",
       "        [0.00000000e+00, 1.82527744e-01, 0.00000000e+00, ...,\n",
       "         2.36676958e-01, 6.02887083e-01, 0.00000000e+00]],\n",
       "\n",
       "       [[0.00000000e+00, 7.98680317e-01, 6.20578674e-01, ...,\n",
       "         0.00000000e+00, 0.00000000e+00, 3.28890239e-01],\n",
       "        [7.98680317e-01, 0.00000000e+00, 6.59916931e-01, ...,\n",
       "         4.45407627e-02, 0.00000000e+00, 5.27299844e-01],\n",
       "        [6.20578674e-01, 6.59916931e-01, 0.00000000e+00, ...,\n",
       "         0.00000000e+00, 0.00000000e+00, 3.33807381e-01],\n",
       "        ...,\n",
       "        [0.00000000e+00, 4.45407627e-02, 0.00000000e+00, ...,\n",
       "         0.00000000e+00, 6.39333586e-01, 3.01469012e-01],\n",
       "        [0.00000000e+00, 0.00000000e+00, 0.00000000e+00, ...,\n",
       "         6.39333586e-01, 0.00000000e+00, 2.70394645e-01],\n",
       "        [3.28890239e-01, 5.27299844e-01, 3.33807381e-01, ...,\n",
       "         3.01469012e-01, 2.70394645e-01, 0.00000000e+00]],\n",
       "\n",
       "       [[0.00000000e+00, 3.57177323e-01, 3.87352367e-01, ...,\n",
       "         2.51933965e-02, 0.00000000e+00, 2.48807340e-01],\n",
       "        [3.57177323e-01, 0.00000000e+00, 8.03451411e-01, ...,\n",
       "         1.17429320e-01, 0.00000000e+00, 1.98339471e-01],\n",
       "        [3.87352367e-01, 8.03451411e-01, 0.00000000e+00, ...,\n",
       "         9.24626581e-02, 2.02848943e-02, 3.31425632e-01],\n",
       "        ...,\n",
       "        [2.51933965e-02, 1.17429320e-01, 9.24626581e-02, ...,\n",
       "         0.00000000e+00, 3.04119477e-01, 2.22570412e-01],\n",
       "        [0.00000000e+00, 0.00000000e+00, 2.02848943e-02, ...,\n",
       "         3.04119477e-01, 0.00000000e+00, 4.98843359e-01],\n",
       "        [2.48807340e-01, 1.98339471e-01, 3.31425632e-01, ...,\n",
       "         2.22570412e-01, 4.98843359e-01, 0.00000000e+00]]])"
      ]
     },
     "execution_count": 13,
     "metadata": {},
     "output_type": "execute_result"
    }
   ],
   "source": [
    "hr_train"
   ]
  }
 ],
 "metadata": {
  "kernelspec": {
   "display_name": "venv",
   "language": "python",
   "name": "python3"
  },
  "language_info": {
   "codemirror_mode": {
    "name": "ipython",
    "version": 3
   },
   "file_extension": ".py",
   "mimetype": "text/x-python",
   "name": "python",
   "nbconvert_exporter": "python",
   "pygments_lexer": "ipython3",
   "version": "3.10.12"
  }
 },
 "nbformat": 4,
 "nbformat_minor": 2
}
